{
 "cells": [
  {
   "cell_type": "code",
   "execution_count": 35,
   "metadata": {},
   "outputs": [],
   "source": [
    "#invite people for the Kaggle party\n",
    "import pandas as pd\n",
    "import matplotlib.pyplot as plt\n",
    "import seaborn as sns\n",
    "import numpy as np\n",
    "from scipy.stats import norm\n",
    "from sklearn.preprocessing import StandardScaler\n",
    "from scipy import stats\n",
    "import warnings\n",
    "warnings.filterwarnings('ignore')\n",
    "%matplotlib inline"
   ]
  },
  {
   "cell_type": "markdown",
   "metadata": {},
   "source": [
    "Understand the problem. We'll look at each variable and do a philosophical analysis about their meaning and importance for this problem.\n",
    "\n",
    "Univariable study. We'll just focus on the dependent variable ('SalePrice') and try to know a little bit more about it.\n",
    "\n",
    "Multivariate study. We'll try to understand how the dependent variable and independent variables relate.\n",
    "\n",
    "Basic cleaning. We'll clean the dataset and handle the missing data, outliers and categorical variables.\n",
    "\n",
    "Test assumptions. We'll check if our data meets the assumptions required by most multivariate techniques."
   ]
  },
  {
   "cell_type": "code",
   "execution_count": 36,
   "metadata": {},
   "outputs": [],
   "source": [
    "df_train = pd.read_csv('house_train_easy.csv', index_col = 0)"
   ]
  },
  {
   "cell_type": "code",
   "execution_count": 37,
   "metadata": {},
   "outputs": [
    {
     "data": {
      "text/plain": [
       "Index(['LotArea', 'YearBuilt', 'OverallQual', 'OverallCond', 'YearRemodAdd',\n",
       "       '1stFlrSF', '2ndFlrSF', 'TotalBsmtSF', 'GrLivArea', 'FullBath',\n",
       "       'HalfBath', 'TotRmsAbvGrd', 'Fireplaces', 'GarageCars', 'PoolArea',\n",
       "       'YrSold', 'SalePrice'],\n",
       "      dtype='object')"
      ]
     },
     "execution_count": 37,
     "metadata": {},
     "output_type": "execute_result"
    }
   ],
   "source": [
    "df_train.columns"
   ]
  },
  {
   "cell_type": "code",
   "execution_count": 38,
   "metadata": {},
   "outputs": [
    {
     "data": {
      "text/plain": [
       "<matplotlib.axes._subplots.AxesSubplot at 0x16b8a550>"
      ]
     },
     "execution_count": 38,
     "metadata": {},
     "output_type": "execute_result"
    },
    {
     "data": {
      "image/png": "iVBORw0KGgoAAAANSUhEUgAAAY0AAAEFCAYAAAAfRLtkAAAABHNCSVQICAgIfAhkiAAAAAlwSFlz\nAAALEgAACxIB0t1+/AAAADl0RVh0U29mdHdhcmUAbWF0cGxvdGxpYiB2ZXJzaW9uIDIuMS4wLCBo\ndHRwOi8vbWF0cGxvdGxpYi5vcmcvpW3flQAAIABJREFUeJzt3Xt8nNV54PHfOzOai6TRWLLGlu8X\nsB9swBhwiB1w6rZQLmko6WXLpk0bWojTTUsL2e7SzZZ2WxfabSkJZekl27S5uWmbLmlDwyUNOCEC\nx+FisI05IN+xLXus6+gyo7ntH+9IHsRI81qa0dye7+fDB+s9533nvEfS++ic855zrEwmg1JKKeWE\nq9wFUEopVT00aCillHJMg4ZSSinHNGgopZRyTIOGUkopxzzlLkCpRSLRkrwe1traSF/fSCkuXVO0\nngrTOipM66iwYtZROBy0pkrTlsYMeTzuchehKmg9FaZ1VJjWUWFzVUcaNJRSSjmmQUMppZRjGjSU\nUko5pkFDKaWUYxo0lFJKOaZBQymllGMaNJRSSjmmQUMppZRjGjSUUko5VvPLiKjzdu09mff4to1L\n5rgkSqlqpS0NpZRSjmnQUEop5VjB7ikRcQGPAVcAceBOY0xXTvpdwHYgCewwxjwhIu3ATiAAnALu\nMMaMFCHvcuDLgAX0Ah81xujSl0opNUectDRuA/zGmC3AfcBD4wki0gHcDVwL3Ag8KCI+4H5gpzFm\nK/AqsL1Iee8B/tEY80HgAPCrs60ApZRSzjkJGtcBTwEYY3YDm3LSrgE6jTFxY8wA0AVsyD0HeBK4\nvkh59wKt2bwtQOKC71gppdSMOXl7qgUYyPk6JSIeY0wyT1oUCE06nu/YTPO+A/yxiHwU8AG/X6jw\nra2NJVtnPhwOluS6pRJs9uc9Xur7qLZ6Kgeto8K0jgqbizpyEjQGgdySuLIBI19aEOjPOT6a59hs\n8v4N8HFjzNMi8iHgS8CHpit8qXb7CoeDRCLRkly7VKJDsbzH//nbb77nWLFew63GepprWkeFaR0V\nVsw6mi74OOme6gRuARCRzcC+nLQ9wFYR8YtICFgH7M89B7gZeL5Iefs43wI5xfmuKqWUUnPASdB4\nHIiJyAvAw8A9InKviNxqjOkGHsF+0D8LfMYYEwN2ALeLSCewBXi0SHl/A3hARL4LfA74VHGqQSml\nlBNWJpMpdxlKKhKJluQGq7G5PNWM8Hy0e2ruaB0VpnVUWJG7p6yp0nRyn1JKKcc0aCillHJMg4ZS\nSinHNGgopZRyTIOGUkopxzRoKKWUckyDhlJKKcc0aCillHJMg4ZSSinHNGgopZRyTIOGUkopxzRo\nKKWUckyDhlJKKcc0aCillHJMg4ZSSinHNGjUuVQ6zWg8WTijUkrhbI9wVcM6X+/mWHeUtcvnsfHi\ndnxed7mLpJSqYAWDhoi4gMeAK4A4cKcxpisn/S5gO5AEdhhjnhCRdmAnEMDey/sOY8xIEfJ+FtiY\n/egOoN8Ys3n21VCf+ofiHO22d/oyx/s5ejrK1RLm4qWhMpdMKVWpnHRP3Qb4jTFbgPuAh8YTRKQD\nuBu4FrgReFBEfMD9wE5jzFbgVWB7MfIaY37LGLMNuAEYAO6abQXUswNHegHYesUirpIwqXSaF/Z3\nc7ZvpMwlU0pVKidB4zrgKQBjzG5gU07aNUCnMSZujBkAuoANuecATwLXFynvuN8AnjHG7LvA+1VZ\nw6MJDp8aJNTkZWVHkMtWtfGjV9n7gr95vL/MpVNKVSonYxot2H/Vj0uJiMcYk8yTFgVCk47nOzbT\nvIiIF7vb6hoHZae1tRGPpzT99OFwsCTXLZVgs3/i36919ZDJwNXrFtISDADQ3OTjJRPhePcQHn8D\nrUH/VJe6INVWT+WgdVSY1lFhc1FHToLGIJBbElc2YORLCwL9OcdH8xybTV6wWyLfy7ZACuorUVdL\nOBwkEomW5NqlEh2KARAbS3HgSA+Nfg+L2gITxwHWLAmx5+BZvvHs2/zkB1bO+jOrsZ7mmtZRYVpH\nhRWzjqYLPk66pzqBWwBEZDOQ2yW0B9gqIn4RCQHrgP255wA3A88XKS/YQeNJB+VWUzDH+0imMqxf\n2YrbZb0rbfWSFjxui117T5JKp8tUQqVUpXISNB4HYiLyAvAwcI+I3CsitxpjuoFHsB/0zwKfMcbE\ngB3A7SLSCWwBHi1SXgABDhfj5uvVse4obpfFmqXz3pPm9bhZvbiF3sE4r3f1lKF0SqlKZmUymXKX\noaQikWhJbrAam8u79p4kmUrzD99+m/Z5AW7evDxvvr5onG92HuXSVW18+uc35s3jVDXW01zTOipM\n66iwIndPWVOl6YzwOtM3GCcDtIemHuRuDfpYuzTEgSO9nNHXb5VSOXRGeJ05N2j38rW1+KbNd+2G\nRbz1zgCvmAg3b14xcXzX3pPvybtt45LiFlIpVbG0pVFnegfsoDF/mpYGwMaL27EsePXtc3NRLKVU\nldCgUWd6BmN43BYtTd5p8wUbvaxZOo9DJwcYGIrPUemUUpVOg0YdSSTTDAyN0dbix2VNOc414ao1\n7WSAvV3a2lBK2TRo1JG+aIwMML/F2UzvjWvDgHZRKaXO06BRR3oG7G6mQuMZ4xbMC7A03MQbR/t0\nzw2lFKBBo670ZN+cctrSALhyTZhkKj2xIq5Sqr5p0KgjPQMxGtwuWpoaHJ9zVbaL6pW3I6UqllKq\nimjQqBOj8SQDw2O0tfiwHAyCj1u+sJm2Fh+vd/WQTOlaVErVOw0adeL4GXt5AafjGeMsy+LKi8OM\nxJO8dUL32VCq3mnQqBPHumcWNACuuHg+APsP67iGUvVOg0adGN8L/EIGwcfJ8nl4PS72HdFVb5Wq\ndxo06sTxs0M0uF0EG50Pgo9r8LiR5a2cjAwzPJooQemUUtVCg0YdSKcznO0boaXJe0GD4LkuW90G\nwKlzw8UsmlKqymjQqAO90RjJVIbgBbxqO9nlq+1xjZMaNJSqaxo06sCZvlEAWhqnX6RwOgtbA7SH\n/JzuGSGdru2Nu5RSU9OgUQfO9tobKc1kPGOcZVlcftF8Esk0kYHRYhVNKVVlCm7CJCIu4DHgCiAO\n3GmM6cpJvwvYDiSBHcaYJ0SkHdgJBIBTwB3GmJEi5G0C/hJYBXiB3zDG7ClKTdSwiZZGgeXQC7l8\n1Xyee+UkpyLDLGxtLEbRlFJVxklL4zbAb4zZAtwHPDSeICIdwN3AtcCNwIMi4gPuB3YaY7YCrwLb\ni5T3t4H92bx3ATLbCqgHZ7NBIziL7imAS1bMw2XpYLhS9czJdq/XAU8BGGN2i8imnLRrgE5jTByI\ni0gXsCF7zgPZPE9m/32oCHlvBP5RRJ4GBoFPFSp8a2sjHo/bwW1euHA4WJLrFtu5wRjNgQbCbU2O\nz3m5K/+cjEXtzZyMDOH2uGn0291dheqhWuqpnLSOCtM6Kmwu6shJ0GgBBnK+TomIxxiTzJMWBUKT\njuc7NtO87UCrMeZGEfkl4M+AX5qu8H19Iw5u8cKFw0EikWhJrl1M6XSG7p5hli1oJjoUm/X1OtoC\nnIwM8fbxXlYvDgFMWw/VUk/lpHVUmNZRYcWso+mCj5PuqUEg9wqubMDIlxYE+icdz3dspnl7gH/L\nHvsmkNvqUXn0DNqv2xZrDKJjvn2d7h4dDFeqHjkJGp3ALQAishnYl5O2B9gqIn4RCQHrgP255wA3\nA88XKe/3c/J+EDhwwXdcZ8bHMxa0BopyvbagD2+Di+7e0rTglFKVzUnQeByIicgLwMPAPSJyr4jc\naozpBh7BftA/C3zGGBMDdgC3i0gnsAV4tEh5HwCuFJEXgU9jD4yraZzJds8tbCtOS8OyLBa2NjI0\nmmBIlxRRqu5YmUxtT9SKRKIlucFK72PdtfckAD88eJaDx/q4efNywvOK09o4eLSPH755lmsv7+Ci\nJSG2bVwyZd5Kr6dKoHVUmNZRYUUe05hyvSGd3FfjBkfGgNnNBp+sY74dfLp7tItKqXqjQaPGRUcS\neBtc+LzFe+14XrMPX4Ob7t4Rar2lqpR6Nw0aNSydzjA0MlbUVgZkxzXaAgzHkjquoVSd0aBRw4Zj\nCdKZ2a05NZWO7MB6d6++eqtUPdGgUcMGh+1WwGzXnMpn/G2sM/rqrVJ1RYNGDYtmB8Fnu+ZUPvOa\nvfa4Ro+OayhVTzRo1LDoyHhLo/jdU5Zl0dEWYCSe5Gy/dlEpVS80aNSwwRK2NAAWZpcUefNYX0mu\nr5SqPBo0alh0eAxfgxtfQ2lW+R1fz6rr5ECBnEqpWqFBo0alMxmGRhMleXNqXKjZS4PHRdfJwZJ9\nhlKqsmjQqFGjsSTpDDQHShc0XJZFe8jPmd6RiUF3pVRt06BRo8Yn3ZUyaAAT61kdOqWtDaXqgQaN\nGjURNErYPQU5QUPHNZSqCxo0atT467alb2n4AQ0aStULDRo1arylUcqBcABvg5sl7U0cPj1IKp0u\n6WcppcpPg0aNGhpNYAFN/tIGDYCLlrQwlkjzztnhkn+WUqq8NGjUqKGRBI1+Dy7XlHupFM1Fi0MA\nHDqlXVRK1TpPoQwi4gIeA64A4sCdxpiunPS7gO1AEthhjHlCRNqBnUAAOAXcYYwZKULeNuAt7P3C\nAR43xnxu9tVQWxLJNCPxJAuLtC94IRcvtYNG18kBfuyqpXPymUqp8nDS0rgN8BtjtgD3AQ+NJ4hI\nB3A3cC1wI/CgiPiA+4GdxpitwKvA9iLlvQr4B2PMtux/GjDy6BmMAaV/c2rcwrZGmvweHQxXqg4U\nbGkA1wFPARhjdovIppy0a4BOY0wciItIF7Ahe84D2TxPZv99qAh5rwauEpHvAmeBu40xp6crfGtr\nIx5PaZbRCIeDJbnubJ3osRcQnB8KEGz2l/zzFi5oYd2q+bx08AwefwOtwXd/ZqXWUyXROipM66iw\nuagjJ0GjBcj9EzIlIh5jTDJPWhQITTqe79hM874JvGyM+Q8R+QXgL4Cfna7wfX2l2e+hkje67zre\nC0CD2yI6FCv550UiUZa1N/ISsOf1U1y1NjyRVsn1VCm0jgrTOiqsmHU0XfBx0j01CORewZUNGPnS\ngkD/pOP5js0077PAc9ljjwNXOih/3TmXXaq81K/b5rpoSXYwXLuolKppToJGJ3ALgIhsBvblpO0B\ntoqIX0RCwDrsQeqJc4CbgeeLlPf/Aj+TzfvjwMsXfMd1IDKQHdMIlGZJ9HxWLWrBAg7rciJK1TQn\nQeNxICYiLwAPA/eIyL0icqsxpht4BPtB/yzwGWNMDNgB3C4incAW4NEi5b0P+DUR2QV8EvjNotRC\njTnXP4rLZRHwlWYsJ5+Az8Pi9iaOdkdJp3UnP6VqlVXrW3VGItGS3GAl97He/bnncbksbtu6ak4/\nt3PfaQ6dHOTD167gI1svAiq7niqF1lFhWkeFFXlMY8oJXjq5r8aMxpMMjSZKvuZUPuGQPS8k0l/6\nwXelVHlo0KgxkewgeDmCRnt28cJzAxo0lKpVGjRqzPgDe64m9uWa1+zD47Ym3t5SStUeDRo1ZuJ1\n2zK0NFwui7YWPwNDY8TGkoVPUEpVHQ0aNeb867ZzHzQA2kN+MsDR0zpoqVQt0qBRY8ZbGuXonoLz\nO/kdPq3zNZSqRRo0asy5gRgBnwdfw9zN0cjVHrIHw3WSn1K1SYNGDclkMkQGRgmHSr9I4VQa/R4C\nPjeHdW8NpWqSBo0aMjiSYCyRnugiKgfLsmgPBegfGqN3UF+9VarWaNCoIZE+ezyjnEEDzs/XOKLj\nGkrVHA0aNWR8Yl94jnbsm8r4uMYhHddQquZo0KghE0FjXvnGNADaQwEsy97+VSlVWzRo1JCz2aCx\noMzdUw0eF8sXBDl6epCxRKqsZVFKFZcGjRoS6R/FsqCtpbwtDYCLl4ZIpjJ0vdNf7qIopYpIg0YN\nifSPMr/Fj8dd/m/rmqX2Tn4Hj/SWuSRKqWIq/9NFFcVYIkX/0FjZ35wat2bpPAAOHtWgoVQt0aBR\nI8bXnKqUoNEa9DG/xc8bR3qp9Y2+lKonnkIZRMQFPAZcAcSBO40xXTnpdwHbgSSwwxjzhIi0AzuB\nAHAKuMMYMzLbvDmf+UHgq8aYZbOvgtpQKW9O5VqzLMTuA2fo7h1h0fymchdHKVUETloatwF+Y8wW\n7D26HxpPEJEO4G7gWuBG4EER8QH3AzuNMVuBV4HtRcqLiCwDPg2UZ0W+CjU+sW9Ba2OZS3LemiX2\nuMbb7+irt0rVioItDeA64CkAY8xuEdmUk3YN0GmMiQNxEekCNmTPeSCb58nsvw/NNq+I7AP+CvgE\n8LKTG2xtbcTjKc3ifeFwsCTXnYmhMfvV1rUr5xMOBwk2l7fFEQ4HuWbDEr78zFucODdcUXVVibR+\nCtM6Kmwu6shJ0GgBcv9UTImIxxiTzJMWBUKTjuc7NtO8jwJ/Zow5KSIOig59fSOO8l2oStvo/nh2\ngUAPaSKRKNGh8q77FIlECbihye9hf9e5iqqrSlNpP0uVSOuosGLW0XTBx0n31CCQewVXNmDkSwsC\n/ZOO5zs2k7xjwFbg90RkF9AmIl9zUP66cLZ/lCa/hyZ/5fTauSwLWdnGmb5RBobHyl0cpVQROAka\nncAtACKyGdiXk7YH2CoifhEJAeuA/bnnADcDzxch7x5jjBhjthljtgG9xpjbZ3jfNSWdyXBuIEZ7\nhbw5lWv9qjYAunRcQ6ma4CRoPA7EROQF4GHgHhG5V0RuNcZ0A49gP+ifBT5jjIkBO4DbRaQT2AI8\nWqS8Ko+BoTESyfIuiT6V9SvnA/C2zgxXqiYUHNMwxqSBT046/GZO+ueBz0865wxwU55rzSrvpPSO\nQmWvF5EKWXMqnzXL5+Fxu3jzWF+5i6KUKgKd3FcDKnGOxji/14MsC3H87BD9Q/FyF0cpNUsaNGpA\nJbc0AC5bbXdR7T+sS4ooVe00aNSAs/2VsWPfVCaCxpGeMpdEKTVbGjRqQKR/FLfLorXFV+6i5LV4\nfiPzW3wcONJLOq3rUClVzTRo1IBIf4z5IT9uV2V+Oy3L4rLV8xmOJTms+4YrVdUq8ymjHIuNJRkc\nrpwl0ady2arxcQ3tolKqmmnQqHJneu3xjI4KWqgwn/UrW3G7LPbpYLhSVU2DRpXr7rXX1lrYVtkt\njYDPw8VLQhw9PUh0RJcUUapaadCocuNBo2N+Zbc0AC5b3UYGOKBbwCpVtTRoVLkz40GjwrunAC7P\nvnq7T8c1lKpaGjSq3OneETxuF20tlTcbfLJlC5ppa/Gxt+sciWSq3MVRSs2ABo0qlslkONM7wsK2\nAC6XVe7iFGRZFu9fv5DReIrXurS1oVQ10qBRxQaGx4iNpaqia2rclvX2OpMvHuguc0mUUjPhZOc+\nVaHOVPAg+K69JwEINvvftYvgto1LWBpu5vVDPQyNJmgOVM6mUUqpwrSlUcVOj79uW0UtDYAtly0k\nlc7w0ptny10UpdQF0pZGFavklsZ03r9uIV9/7hC7D3Sz7colE62SXNs2LilDyZRShWjQqCKTH67j\n8x062qoraLS1+JHl83jzeD/nsiv0KqWqQ8GgISIu4DHgCiAO3GmM6cpJvwvYDiSBHcaYJ0SkHdgJ\nBIBTwB3GmJEi5O0Avgp4gdPAx40xI0WpiSo0ODyGt8FVleMCWy7t4M3j/ex+4wzNjdVXfqXqlZMx\njdsAvzFmC3Af8NB4QvYhfjdwLXAj8KCI+ID7gZ3GmK3Aq8D2IuW9D/hiNu8b2EGlLqXTGaKjCUJN\nXnbtPfme/yrd1bIAj9tF5/5uMhldLl2pauGke+o64CkAY8xuEdmUk3YN0GmMiQNxEekCNmTPeSCb\n58nsvw8VIe89gJVt/SwD3ipU+NbWRjwet4PbvHDhcLAk151KsPn8BL7+aJxMBuaHAu86Xolyy/dy\nzvyMi5aEMMf76B9Osrzj3XU513VbbvV2vzOhdVTYXNSRk6DRAgzkfJ0SEY8xJpknLQqEJh3Pd2xG\neY0xGRHxAK8BfuAPChW+r680vVfhcJBIJFqSa08l99XVU5EhAAJe97uOV5rJr9zmumhJEHO8j1fN\nGVqb391FNdd1W07l+FmqNlpHhRWzjqYLPk66pwaB3Cu4sgEjX1oQ6J90PN+xmebFGJMwxqwHPgF8\nyUH5a9LgsL1SbEuTt8wlmbn2UID2kJ93IsO68q1SVcJJ0OgEbgEQkc3Avpy0PcBWEfGLSAhYB+zP\nPQe4GXi+GHlF5DER+dFs3iiQnsE914RaCBoAl6xoBeDNY/1lLolSygknQeNxICYiLwAPA/eIyL0i\ncqsxpht4BPtB/yzwGWNMDNgB3C4incAW4NEi5X0E+D0ReQ577OO/FKcaqs940AhW+ZtHKzqCBHxu\nuk4OkEjW7d8ASlUNq9bfXIlEoiW5wXL0sea+FfXPz3Xhsix+ZttFc1qGCzXdmMa417rO8VpXD+9f\nvwBZbrc86mlyn/bXF6Z1VFiRxzSmXAFVlxGpQmPJFKPxVNV3TY1bu2weLsvuoqr1P2KUqnYaNKrQ\nwJDdNRVqro2gEfB5WLmohYHhMU5GhstdHKXUNDRoVKH+aByA1mZfmUtSPJeuagNgv24Fq1RF06BR\nhfqG7KAxL1g7QaM16GNJuImzfaNE+nQ9KqUqlQaNKtQftbun5tVQSwO0taFUNdCgUYX6h+I0Bxpo\n8NTWt29hqz3Z78TZIU736NiGUpWotp46dWA0niQ2lqqprqlxlmVNtDae+sHxMpdGKZWPBo0q0z80\nPgheG29OTbZsYTPBxgZe2N9N72DlrqmlVL3SoFFl+qK1Nwiey2VZXLa6jVQ6w1N7tLWhVKXRoFFl\nxgfBa+l128lWLw7R1uLje3tPTSyXopSqDBo0qkz/UByXVf0LFU7H7bK4+f0rGEumeeaHJ8pdHKVU\nDg0aVSSTydA/FKelyYvLNeXSMDVh64ZFtDR5efaVdxiOJcpdHKVUlgaNKjI0miCZytBao+MZubwN\nbm66ZjmxsRTfeemdchdHKZWlQaOK1Pog+GTbrlxMk9/Dt186wWg8WfgEpVTJadCoIv1DtT8Insvv\n9fAT1yxnOJbk2y/p2IZSlUCDRhWpt5YGwPVXL6U50MDTe44zNKpjG0qVmwaNKtI/FKfB46LJ7yl3\nUeZMwOfhls0rGI2neFrnbShVdgWfPiLiAh4DrgDiwJ3GmK6c9LuA7UAS2GGMeUJE2oGdQAA4Bdxh\njBkpQt7lwBey5baATxhjTFFqosIlkmkGh8doD/mxrNp+c2qyH7tqCU//8DjffukEN2xaVtOvGytV\n6Zy0NG4D/MaYLcB9wEPjCSLSAdwNXAvcCDwoIj7gfmCnMWYr8CqwvUh5/xB7D/Ft2HuEPzjL+68a\np3uGyWRqb2VbJ7wNbj78gZWMJdJ8a/exchdHqbrmJGhcBzwFYIzZDWzKSbsG6DTGxI0xA0AXsCH3\nHOBJ4Poi5f008O/ZvB6gbhYnOtpt7/07P+Qvc0nKY+uGxcxv8fPsKyfpGaibb7tSFcdJ53gLMJDz\ndUpEPMaYZJ60KBCadDzfsRnlNcacAxARAf4MuxU0rdbWRjwed+G7nIFwOFiS6+ZzOrsx0fJFIYLN\n1RU4ZlLefHX7sVvW8dmvvcq/7znOpz96dTGKVjHm8mepWmkdFTYXdeQkaAwCuSVxZQNGvrQg0J9z\nfDTPsdnkRUR+FHuM5WNOxjP6+kYc3OKFC4eDRCLRklw7n4OHe3C7LLwuiA5Vz1/awWb/jMqbr24v\nWzGP5Qub2fXyO2y9rINVi1qKUcSym+ufpWqkdVRYMetouuDjpHuqE7gFQEQ2A/ty0vYAW0XELyIh\nYB2wP/cc4Gbg+WLkzQaMzwE3GWNeclD2mhBPpHgnMkxbi6/mlw+Zjsuy+PkfWwPAPz7bRSaTKXOJ\nlKo/ToLG40BMRF4AHgbuEZF7ReRWY0w38Aj2g/5Z4DPGmBiwA7hdRDqBLdiD18XI+1nAC3xRRHaJ\nyF8XqR4q2okzQ6QzGdpDgXIXpezO9I2wNNzEWyf6+fIzhl17T5a7SErVFavW/1qLRKIlucG5bC4/\n88MTfO07b3PdhkWsXlxdXTIz7Z7atnFJ3uO79p5kYCjOv3UepTnQwK3XreLHr1o622KWlXa9FKZ1\nVFiRu6em7NKon1liVezI6UEA2uvozanpWhChZh9rl83DHO/nzWN9VR80lKomOiO8Chw5PUijz0Ow\nsaHcRakYV1zcjrfBxetdPQxkt8BVSpWeBo0KNzSa4GzfKKsWBetuJvh0/F43V65pJ5FK8/XvHip3\ncZSqGxo0KtzRbrtramWNvF5aTGuWzaM16KNzXzeHTg4UPkEpNWsaNCrckVN20FitQeM9XJbFNesX\nAPDVb79FusZf6lCqEmjQqHBHTttvQ2hLI7+FrY1svnQhR7ujfO+1U+UujlI1T9+eqmCZTIYjpwdp\nDfrqYovXmVoabqbBE+Fr33mb0XiSgM/+sZ7qtV2l1MxpS6OC9UXjDAyPsbJD19yZTqPfw8Y17Ywl\n0rxsIuUujlI1TYNGBevKDu5W24S+cpDl82hr8XH41CDdPaVZb0wppUGjor1xtA+AS1a0lrkklc9l\nWWy+dCEAP3jjDKm0DoorVQoaNCrYwWO9BHwe7Z5yqD0UQJbPY2B4jNcP9ZS7OErVJA0aFSrSP0qk\nP8Yly+fhdum3yakr17bT5Pew/1CPzt1QqgT0aVShDh6zu6bWadfUBfF63Fy3YREZ4PNPvEFsLFnw\nHKWUc/rKbYV642gvAOtXtpW5JNVnYVsjl65q48CRXv7p2S5+6aZLps0/1eKI+squUu+lLY0KlM5k\nOHisj1Czl0XzG8tdnKq0cc18loab2bX3FD9882y5i6NUzdCgUYFORoaJjiRYv6JNFymcIbfLxSdu\nXY/P6+bz3zww0d2nlJodDRoV6OBE15SOZ8zG0nAzv/7Tl5PJwF/8y+sc69ZNfJSarYJjGiLiAh4D\nrgDiwJ3GmK6c9LuA7UAS2GGMeUJE2oGdQAA4BdxhjBmZbd6cz/wtoMMYc9/sq6DyvKGD4EVz6co2\n7vrwev76Xw/w8D/t5bc/ehVL2pvKXSylqpaTlsZtgN8YswW4D3hoPEFEOoC7gWuBG4EHRcQH3A/s\nNMZsBV4Fthcjr4gEROQrwKeQM4DhAAAQC0lEQVSKcO8VKZlKY07009HWSFtL/ezUV0rXrFvIR29Y\ny+BIgj/84g/p3He63EVSqmo5CRrXAU8BGGN2A5ty0q4BOo0xcWPMANAFbMg9B3gSuL5Ief3Al4A/\nmtntVr7DpwaJj6VYp11TRfXjVy/l1267DLfL4m///SCf/+YbjMb1dVylLpSTV25bgNxZUikR8Rhj\nknnSokBo0vF8x2aU1xjTBzwjIh93UG4AWlsb8XjcTrNfkHC4+DO1v9F5FIDrrlz6nusHm6uz5VGu\nck+uv1vCQa5a38GffuUlXjzQzcHjffziTetoavLhyvPCQSm+v1OZy8+qVlpHhc1FHTkJGoNAbklc\n2YCRLy0I9OccH81zbDZ5L1hfX2kWrwuHg0QixR1YTaXT7HrlHZoDDSxrC7zn+tGhWFE/by4Em/1l\nK3e+748b+K8/v5Fv7T7Gt3Yf49F/3ktr0Mf71i2go62x4PmlUIqfpVqjdVRYMetouuDjpHuqE7gF\nQEQ2A/ty0vYAW0XELyIhYB2wP/cc4Gbg+SLlrWkHj/YxODzG+y5ZgMetL7aVisft4tZrV/HgJ7Zw\n7eUd9EXjPLPnBC/s7yaeSJW7eEpVNCdPpseBmIi8ADwM3CMi94rIrcaYbuAR7Af9s8BnjDExYAdw\nu4h0AluAR4uUt6a9eOAMAFsu7ShzSepDa9DHr35oPbdsXk5r0EfXOwP86/NHOHF2qNxFU6piWZka\n31c5EomW5AaL3VyOJ1L81l98n2CggT/55Ja8k/qmWu6ikpWzeyqffEuD7Np7knQ6w4Gjvbze1UMq\nneGKi+fzGz+zIe9YR7Fp10thWkeFFbl7asoffF17qkLsffsc8bEUN2xaqrPAS2iqwOtyWVy+ej5L\n2pt47pWTvNbVw19+Yz+/+qF1+L36a6LUOO04rxAvHugGYPN67Zoqp7YWPx/6wAoWtgZ42UT446++\nwsDwWLmLpVTF0KBRAaIjYxw40suKhUEW62zlsvN7PdzwvmV88IpFHD8zxINffpmzJXoLT6lqo0Gj\nAnTu6yaVzkxsV6rKz+Wy+OWbLuHDH1jJ2f5RHvjKK7p2lVJo0Ci70XiSb+0+RsDn5trLF5W7OCqH\nZVl85IOr+YUb1hIdHuOPv/oKL+ky66rO6QhfmX37pRMMjSa4besqmgMNE8er8U2pWjP+PXC7LT64\ncTGd+07z2Df286EtK/jI1tW4XPrCgqo/GjTKaGg0wdN7jtMcaOCGTcvKXRw1jRUdQVqavPzgwBn+\n/cVjHD41yEevX8OScHO5i6bUnNKgUUZP/uAYo/EUm6SNHxw8U+7iqAJagz5+9+Ob+Pw33+D1Qz3c\n/4U9XHf5In7qulV5VyTO11rULWRVtdOgUSYDQ3G+89I7BHwe1i6fV+7iKIea/A385s9u4PVDPXx9\n1yGef/00z79+muULm1m/so01S0O0Bf20Bn1kMhmdc6NqjgaNMshkMnz5mbcYS6Z5/9qwrjNVZSzL\n4oqL27l89Xw6959m94EzvP1OP8fPDPHUD87nc1kQ8Hlo9Hto9Dcwv8XHorZGVnQEdcKgqlr6k1sG\n39p9jFfeiiDL5rFmaajcxVEz5HJZbN2wmK0bFvMfL5/gTO8ovdEYI7Eko/EkI7EkI/Ek5wZiZPpj\nHOuO8spb53C7LC5Z0crVEuaqNWHC4XLfiVLOadCYY/uP9PD/vnuY1qCPX7vtMl55O1LuIqki8Lhd\nLAk3sST83smZmUyG4dEk5wZjBLxu3jzez4EjvRw40suXnzZcuXYBm9a2c+XaML6G0uz9olSxaNCY\nQ2f7R/nrfz2A223xqY9cTkuTt9xFUnPAsiyaGxtobrRfqV7Y1sjQSILjZ6Ic7Y7yijnLK+YsPq+b\nKy9uZ9MlC7hsVRteDSCqAmnQmCOHTg3w6L/sYziW5JdvElYvbil3kdQMFGv+THNjA+tXtbF+VRvJ\nDAxGY+w+cIbdb9j/+bxu1i1v5ZIVraxf0cricNOcrLirVCEaNObAi/u7+bsn3ySVSvO+SxaQQSfv\nqfNag348Fty8eTk9g3GOdUc5fibK3q5z7O06B0DA52ZlRwsrFwVZsTDIsgXNLGxt1AmGas5p0Cih\n/qE433j+MN977TQBn4cf2bg4b5+3UmB3Y7WH/LSH/FwtYYZGE3T3jNDdO8K5gRgHj/Vx8FjfRH6P\n2yLU7GNes5f3yQIWtzexaH4TrS359zxXqhg0aJTASCzBU3tO8MwPjzOWSLO4vYlPfeQyzIkZbXOu\n6lRzoIGLl4a4OPuG3VgiRc9gjL7BOL3ROH3ROH2DcXoGYhw6OThxnrfBxcLWRiwLgo1ego0NNPkb\naA400BTwcP3VuvqAmrmCQUNEXMBjwBVAHLjTGNOVk34XsB1IAjuMMU+ISDuwEwgAp4A7jDEjpcpb\nlJqYpZFYgn2He9lz8Az7DveQTGUINXm5/cdXsXXDItwulwYNNSveBjeL5tutiXHpdIbBkTEWz2/i\ndM8Ip3uGOd0zwpm+EcYS6bzX+bfvH2V+i5+2Fp89EbHFR2uzj1Czl1CTl1Czj0af54K7vtKZDPGx\nFGOJFGPJNJ37T5O7MajLArfLxXUbFuH1uPA2uOtyjtJUXdPVslpAwe1eReSngVuNMR8Xkc3A7xhj\nfiqb1gF8G9gE+IHvZ//9p8Arxpi/F5H7sIPNP5QirzHm4enKP9PtXhPJFEOjSdLpDOlMhkQyzVgy\nRXzMPp6yLE52D3K6d4Tj3VHO9o9OnLsk3MQHLu3gx65ais97/g2YehzHqLTtXitRMepo8gMnk8nw\n5A+OEx0ZY2g0wfBogqHRJEOxBJkM9A3GGEvmDyoAFtDo99Dkb8Db4KLB46bB44JMhjSQSWeIJ7K/\nE4kUsTH7d+NCuV0W3gb72l6PC7fbhdtl4bIsXBZkgEwGPB4XY4kU6XSG8V9oC7AsaHC78HhcNLhd\n+L1u/D4Pfq/bnljp8xDIfu33evD73Hg9Lho89j15XBYul4XbZWFZFpZldxNOhMvJcTNj1216/P/p\nDKlMhmQqQzL7jBhLpImNJYmNpRiNJ7P/pRiJJ4mNJTl1bphkyn6upNP23Yx3TTZ4XBNlbfTZ5T1/\nDx58Xhe+Bjdejxu326LB7cKVra9wuJm+3mHIlr/R75lxUJ7tdq/XAU8BGGN2i8imnLRrgE5jTByI\ni0gXsCF7zgPZPE9m/32oRHmnDRozkUyl+W9/+aLjHdua/B4uXdnKRUtCvO+SBbqInZpz+f4gsWei\ne8i3S0smkyGeSNkTELP/jY6df8CNJVJ43C6GYwmGYwnGkmkSyXT2QW0/XL0NdmvB1+DG7bKY1+Sl\nIfvg97gs3G7rXcuoZDIZUqkMbS1+Esk08URq4iE7MBRnNJ4klc6QyT6Q7WBhAfaD3cJurSRS6YkW\nTCZjt7ZS2T/uqo0rG/ky6QyRnD88i2HBvAAPbt9c9KVsnASNFmAg5+uUiHiMMck8aVEgNOl4vmPF\nzDut6SLmdL7yBzfP5LRp/dwNlxT9mkopNZectF0GgWDuOdmAkS8tCPRPOp7vWDHzKqWUmiNOgkYn\ncAtAdkxjX07aHmCriPhFJASsA/bnngPcDDxfwrxKKaXmiJOB8PG3pzZgDwvdgf3g7jLG/Fv2LadP\nYAegB4wx/yIiC4EvYrcGzgEfNcYMlypvMStEKaXU1AoGDaWUUmpc/b0krZRSasY0aCillHJMg4ZS\nSinHdO2pC1RoWZVaIiINwBeAlYAP2AG8Afw99mTd/cCnjDFpEfk94EPYy778ljFmj4hcPNu8c3Sr\nsyYiC4CXgRuw7+vv0Tp6FxH5HeBWwIv9O/RdtJ4mZH/fvoj9+5YC7qICf5a0pXHhbgP8xpgtwH3A\nQ2UuTyn9ItBjjNmK/Yrzo8CfA/8ze8wCfkpErgJ+BHg/cDvwf7LnzyrvHNxfUWR/2f8aGJ/Sq3U0\niYhsAz4AXIt9b8vQeprsFsBjjPkA8AfAH1GBdaRB48K9a1kV7DWxatU/A7+b83USuBr7L0Swl3K5\nHrtOnjHGZIwxxwGPiISLkLda/BnwV9iLaILWUT43Ys/xehz4JvAEWk+TvYV9Dy7s1S8SVGAdadC4\ncHmXVSlXYUrJGDNkjImKSBD4OvA/AcsYM/6edqFlX2abt+KJyMeBiDHm6ZzDWkfv1Y79B9bPAZ8E\nvoq9uoTW03lD2F1TbwKfBx6hAn+WNGhcuOmWVak5IrIMeA74sjFmJ5Db71lo2ZfZ5q0GvwLcICK7\ngI3Al4AFOelaR7Ye4GljzJgxxgAx3v2g0nqCe7DraC32mOkXscd/xlVEHWnQuHDTLatSU7Iz8J8B\n/rsx5gvZw69m+6fh/FIuncCNIuISkeXYgfRcEfJWPGPMB40xP2KM2QbsBX4JeFLr6D2+D9wkIpaI\nLAaagO9oPb1LH+dbBb1AAxX4+1aT3Sol9jj2X5YvcH5ZlVr1P4BW4HdFZHxs4zeBR0TECxwEvm6M\nSYnI88CL2H+IfCqb99PA52eat/S3VzKzuu9arKPsJmofxF5XbvyejqD1lOth4AvZe/Ji//69RIXV\nkS4jopRSyjHtnlJKKeWYBg2llFKOadBQSinlmAYNpZRSjmnQUEop5Zi+cqtUASLys8DvYP++uIAv\nGWP+dJr8u4DfN8bsmiZPBngNe8E4N/as3E8aY94z70dE9hpjNs7mHpQqFm1pKDUNEVmCvSjlTxhj\nrgC2ALeLyK2zvbYxZqMx5kpjzAbga8DfTJVvtp+lVLFoS0Op6bVjz8xtxF7xd0hEfhmIicjPYU+S\nCmAvHf8rxpgXck8WkfuA/4Tdmngae3Z9vslRzwEPZM/ZhT0j+FLg54FXjTGWiLQBfwtcgr0s/73G\nmGdF5CbsVVEbsCfM3WWM6SliHSg1QVsaSk3DGPMa8K/AYRHZIyJ/gh0ADmMvvPeT2RbI/8buwpqQ\nfZhfDbwPuBJYAvzC5M8QEQt72eoXcw6/bowRY8zenGN/CHQZY9YBHwP+KLti6R8DNxpjrsQOTH8y\n+ztXKj9taShVgDHm10RkB/AT2Et878Z++H8E+LCICLANe+OcXNdj72PwcvbrAHB8PFFExgOCD3sp\nh0/knPuDPEX5EeCj2TLtA7aIyE8Cy4Hn7GLgxm6lKFUSGjSUmoaIfAhoNsb8I/B3wN+JyF3Ya/g8\nAHwF+B7wOvDrk053A581xvx59lrzsPckAQqOVYzmOZbAHjgfL9sl2c/4vjHm1uwxP9B8Ifeo1IXQ\n7imlpjcCPCgiK2GiK2kj9phCBjtwPAf8NPYDPNezwMdEpDm758o3gJ+dRVm+B/znbDkuwd4MbA92\ni2NtNs/vYm8KpVRJaNBQahrGmOeA/wU8ISIGe4OcFHbX1N7s1weACLBi0rnfBP4Fu6tpfzb/F2dR\nnN8D1ojIa9ibGH3MGHMae0+PfxKRfcBV2IPzSpWErnKrlFLKMW1pKKWUckyDhlJKKcc0aCillHJM\ng4ZSSinHNGgopZRyTIOGUkopxzRoKKWUcuz/A1GkFncVMVvgAAAAAElFTkSuQmCC\n",
      "text/plain": [
       "<matplotlib.figure.Figure at 0x16cbfff0>"
      ]
     },
     "metadata": {},
     "output_type": "display_data"
    }
   ],
   "source": [
    "sns.distplot(df_train['SalePrice'])"
   ]
  },
  {
   "cell_type": "code",
   "execution_count": 39,
   "metadata": {},
   "outputs": [
    {
     "data": {
      "text/plain": [
       "count      1460.000000\n",
       "mean     180921.195890\n",
       "std       79442.502883\n",
       "min       34900.000000\n",
       "25%      129975.000000\n",
       "50%      163000.000000\n",
       "75%      214000.000000\n",
       "max      755000.000000\n",
       "Name: SalePrice, dtype: float64"
      ]
     },
     "execution_count": 39,
     "metadata": {},
     "output_type": "execute_result"
    }
   ],
   "source": [
    "df_train['SalePrice'].describe()"
   ]
  },
  {
   "cell_type": "code",
   "execution_count": 40,
   "metadata": {},
   "outputs": [
    {
     "name": "stdout",
     "output_type": "stream",
     "text": [
      "Skewness: 1.882876\n",
      "Kurtosis: 6.536282\n"
     ]
    }
   ],
   "source": [
    "print(\"Skewness: %f\" % df_train['SalePrice'].skew())\n",
    "print(\"Kurtosis: %f\" % df_train['SalePrice'].kurt())"
   ]
  },
  {
   "cell_type": "code",
   "execution_count": 41,
   "metadata": {},
   "outputs": [
    {
     "data": {
      "text/html": [
       "<div>\n",
       "<style scoped>\n",
       "    .dataframe tbody tr th:only-of-type {\n",
       "        vertical-align: middle;\n",
       "    }\n",
       "\n",
       "    .dataframe tbody tr th {\n",
       "        vertical-align: top;\n",
       "    }\n",
       "\n",
       "    .dataframe thead th {\n",
       "        text-align: right;\n",
       "    }\n",
       "</style>\n",
       "<table border=\"1\" class=\"dataframe\">\n",
       "  <thead>\n",
       "    <tr style=\"text-align: right;\">\n",
       "      <th></th>\n",
       "      <th>LotArea</th>\n",
       "      <th>YearBuilt</th>\n",
       "      <th>OverallQual</th>\n",
       "      <th>OverallCond</th>\n",
       "      <th>YearRemodAdd</th>\n",
       "      <th>1stFlrSF</th>\n",
       "      <th>2ndFlrSF</th>\n",
       "      <th>TotalBsmtSF</th>\n",
       "      <th>GrLivArea</th>\n",
       "      <th>FullBath</th>\n",
       "      <th>HalfBath</th>\n",
       "      <th>TotRmsAbvGrd</th>\n",
       "      <th>Fireplaces</th>\n",
       "      <th>GarageCars</th>\n",
       "      <th>PoolArea</th>\n",
       "      <th>YrSold</th>\n",
       "      <th>SalePrice</th>\n",
       "    </tr>\n",
       "  </thead>\n",
       "  <tbody>\n",
       "    <tr>\n",
       "      <th>LotArea</th>\n",
       "      <td>1.000000</td>\n",
       "      <td>0.014228</td>\n",
       "      <td>0.105806</td>\n",
       "      <td>-0.005636</td>\n",
       "      <td>0.013788</td>\n",
       "      <td>0.299475</td>\n",
       "      <td>0.050986</td>\n",
       "      <td>0.260833</td>\n",
       "      <td>0.263116</td>\n",
       "      <td>0.126031</td>\n",
       "      <td>0.014259</td>\n",
       "      <td>0.190015</td>\n",
       "      <td>0.271364</td>\n",
       "      <td>0.154871</td>\n",
       "      <td>0.077672</td>\n",
       "      <td>-0.014261</td>\n",
       "      <td>0.263843</td>\n",
       "    </tr>\n",
       "    <tr>\n",
       "      <th>YearBuilt</th>\n",
       "      <td>0.014228</td>\n",
       "      <td>1.000000</td>\n",
       "      <td>0.572323</td>\n",
       "      <td>-0.375983</td>\n",
       "      <td>0.592855</td>\n",
       "      <td>0.281986</td>\n",
       "      <td>0.010308</td>\n",
       "      <td>0.391452</td>\n",
       "      <td>0.199010</td>\n",
       "      <td>0.468271</td>\n",
       "      <td>0.242656</td>\n",
       "      <td>0.095589</td>\n",
       "      <td>0.147716</td>\n",
       "      <td>0.537850</td>\n",
       "      <td>0.004950</td>\n",
       "      <td>-0.013618</td>\n",
       "      <td>0.522897</td>\n",
       "    </tr>\n",
       "    <tr>\n",
       "      <th>OverallQual</th>\n",
       "      <td>0.105806</td>\n",
       "      <td>0.572323</td>\n",
       "      <td>1.000000</td>\n",
       "      <td>-0.091932</td>\n",
       "      <td>0.550684</td>\n",
       "      <td>0.476224</td>\n",
       "      <td>0.295493</td>\n",
       "      <td>0.537808</td>\n",
       "      <td>0.593007</td>\n",
       "      <td>0.550600</td>\n",
       "      <td>0.273458</td>\n",
       "      <td>0.427452</td>\n",
       "      <td>0.396765</td>\n",
       "      <td>0.600671</td>\n",
       "      <td>0.065166</td>\n",
       "      <td>-0.027347</td>\n",
       "      <td>0.790982</td>\n",
       "    </tr>\n",
       "    <tr>\n",
       "      <th>OverallCond</th>\n",
       "      <td>-0.005636</td>\n",
       "      <td>-0.375983</td>\n",
       "      <td>-0.091932</td>\n",
       "      <td>1.000000</td>\n",
       "      <td>0.073741</td>\n",
       "      <td>-0.144203</td>\n",
       "      <td>0.028942</td>\n",
       "      <td>-0.171098</td>\n",
       "      <td>-0.079686</td>\n",
       "      <td>-0.194149</td>\n",
       "      <td>-0.060769</td>\n",
       "      <td>-0.057583</td>\n",
       "      <td>-0.023820</td>\n",
       "      <td>-0.185758</td>\n",
       "      <td>-0.001985</td>\n",
       "      <td>0.043950</td>\n",
       "      <td>-0.077856</td>\n",
       "    </tr>\n",
       "    <tr>\n",
       "      <th>YearRemodAdd</th>\n",
       "      <td>0.013788</td>\n",
       "      <td>0.592855</td>\n",
       "      <td>0.550684</td>\n",
       "      <td>0.073741</td>\n",
       "      <td>1.000000</td>\n",
       "      <td>0.240379</td>\n",
       "      <td>0.140024</td>\n",
       "      <td>0.291066</td>\n",
       "      <td>0.287389</td>\n",
       "      <td>0.439046</td>\n",
       "      <td>0.183331</td>\n",
       "      <td>0.191740</td>\n",
       "      <td>0.112581</td>\n",
       "      <td>0.420622</td>\n",
       "      <td>0.005829</td>\n",
       "      <td>0.035743</td>\n",
       "      <td>0.507101</td>\n",
       "    </tr>\n",
       "    <tr>\n",
       "      <th>1stFlrSF</th>\n",
       "      <td>0.299475</td>\n",
       "      <td>0.281986</td>\n",
       "      <td>0.476224</td>\n",
       "      <td>-0.144203</td>\n",
       "      <td>0.240379</td>\n",
       "      <td>1.000000</td>\n",
       "      <td>-0.202646</td>\n",
       "      <td>0.819530</td>\n",
       "      <td>0.566024</td>\n",
       "      <td>0.380637</td>\n",
       "      <td>-0.119916</td>\n",
       "      <td>0.409516</td>\n",
       "      <td>0.410531</td>\n",
       "      <td>0.439317</td>\n",
       "      <td>0.131525</td>\n",
       "      <td>-0.013604</td>\n",
       "      <td>0.605852</td>\n",
       "    </tr>\n",
       "    <tr>\n",
       "      <th>2ndFlrSF</th>\n",
       "      <td>0.050986</td>\n",
       "      <td>0.010308</td>\n",
       "      <td>0.295493</td>\n",
       "      <td>0.028942</td>\n",
       "      <td>0.140024</td>\n",
       "      <td>-0.202646</td>\n",
       "      <td>1.000000</td>\n",
       "      <td>-0.174512</td>\n",
       "      <td>0.687501</td>\n",
       "      <td>0.421378</td>\n",
       "      <td>0.609707</td>\n",
       "      <td>0.616423</td>\n",
       "      <td>0.194561</td>\n",
       "      <td>0.183926</td>\n",
       "      <td>0.081487</td>\n",
       "      <td>-0.028700</td>\n",
       "      <td>0.319334</td>\n",
       "    </tr>\n",
       "    <tr>\n",
       "      <th>TotalBsmtSF</th>\n",
       "      <td>0.260833</td>\n",
       "      <td>0.391452</td>\n",
       "      <td>0.537808</td>\n",
       "      <td>-0.171098</td>\n",
       "      <td>0.291066</td>\n",
       "      <td>0.819530</td>\n",
       "      <td>-0.174512</td>\n",
       "      <td>1.000000</td>\n",
       "      <td>0.454868</td>\n",
       "      <td>0.323722</td>\n",
       "      <td>-0.048804</td>\n",
       "      <td>0.285573</td>\n",
       "      <td>0.339519</td>\n",
       "      <td>0.434585</td>\n",
       "      <td>0.126053</td>\n",
       "      <td>-0.014969</td>\n",
       "      <td>0.613581</td>\n",
       "    </tr>\n",
       "    <tr>\n",
       "      <th>GrLivArea</th>\n",
       "      <td>0.263116</td>\n",
       "      <td>0.199010</td>\n",
       "      <td>0.593007</td>\n",
       "      <td>-0.079686</td>\n",
       "      <td>0.287389</td>\n",
       "      <td>0.566024</td>\n",
       "      <td>0.687501</td>\n",
       "      <td>0.454868</td>\n",
       "      <td>1.000000</td>\n",
       "      <td>0.630012</td>\n",
       "      <td>0.415772</td>\n",
       "      <td>0.825489</td>\n",
       "      <td>0.461679</td>\n",
       "      <td>0.467247</td>\n",
       "      <td>0.170205</td>\n",
       "      <td>-0.036526</td>\n",
       "      <td>0.708624</td>\n",
       "    </tr>\n",
       "    <tr>\n",
       "      <th>FullBath</th>\n",
       "      <td>0.126031</td>\n",
       "      <td>0.468271</td>\n",
       "      <td>0.550600</td>\n",
       "      <td>-0.194149</td>\n",
       "      <td>0.439046</td>\n",
       "      <td>0.380637</td>\n",
       "      <td>0.421378</td>\n",
       "      <td>0.323722</td>\n",
       "      <td>0.630012</td>\n",
       "      <td>1.000000</td>\n",
       "      <td>0.136381</td>\n",
       "      <td>0.554784</td>\n",
       "      <td>0.243671</td>\n",
       "      <td>0.469672</td>\n",
       "      <td>0.049604</td>\n",
       "      <td>-0.019669</td>\n",
       "      <td>0.560664</td>\n",
       "    </tr>\n",
       "    <tr>\n",
       "      <th>HalfBath</th>\n",
       "      <td>0.014259</td>\n",
       "      <td>0.242656</td>\n",
       "      <td>0.273458</td>\n",
       "      <td>-0.060769</td>\n",
       "      <td>0.183331</td>\n",
       "      <td>-0.119916</td>\n",
       "      <td>0.609707</td>\n",
       "      <td>-0.048804</td>\n",
       "      <td>0.415772</td>\n",
       "      <td>0.136381</td>\n",
       "      <td>1.000000</td>\n",
       "      <td>0.343415</td>\n",
       "      <td>0.203649</td>\n",
       "      <td>0.219178</td>\n",
       "      <td>0.022381</td>\n",
       "      <td>-0.010269</td>\n",
       "      <td>0.284108</td>\n",
       "    </tr>\n",
       "    <tr>\n",
       "      <th>TotRmsAbvGrd</th>\n",
       "      <td>0.190015</td>\n",
       "      <td>0.095589</td>\n",
       "      <td>0.427452</td>\n",
       "      <td>-0.057583</td>\n",
       "      <td>0.191740</td>\n",
       "      <td>0.409516</td>\n",
       "      <td>0.616423</td>\n",
       "      <td>0.285573</td>\n",
       "      <td>0.825489</td>\n",
       "      <td>0.554784</td>\n",
       "      <td>0.343415</td>\n",
       "      <td>1.000000</td>\n",
       "      <td>0.326114</td>\n",
       "      <td>0.362289</td>\n",
       "      <td>0.083757</td>\n",
       "      <td>-0.034516</td>\n",
       "      <td>0.533723</td>\n",
       "    </tr>\n",
       "    <tr>\n",
       "      <th>Fireplaces</th>\n",
       "      <td>0.271364</td>\n",
       "      <td>0.147716</td>\n",
       "      <td>0.396765</td>\n",
       "      <td>-0.023820</td>\n",
       "      <td>0.112581</td>\n",
       "      <td>0.410531</td>\n",
       "      <td>0.194561</td>\n",
       "      <td>0.339519</td>\n",
       "      <td>0.461679</td>\n",
       "      <td>0.243671</td>\n",
       "      <td>0.203649</td>\n",
       "      <td>0.326114</td>\n",
       "      <td>1.000000</td>\n",
       "      <td>0.300789</td>\n",
       "      <td>0.095074</td>\n",
       "      <td>-0.024096</td>\n",
       "      <td>0.466929</td>\n",
       "    </tr>\n",
       "    <tr>\n",
       "      <th>GarageCars</th>\n",
       "      <td>0.154871</td>\n",
       "      <td>0.537850</td>\n",
       "      <td>0.600671</td>\n",
       "      <td>-0.185758</td>\n",
       "      <td>0.420622</td>\n",
       "      <td>0.439317</td>\n",
       "      <td>0.183926</td>\n",
       "      <td>0.434585</td>\n",
       "      <td>0.467247</td>\n",
       "      <td>0.469672</td>\n",
       "      <td>0.219178</td>\n",
       "      <td>0.362289</td>\n",
       "      <td>0.300789</td>\n",
       "      <td>1.000000</td>\n",
       "      <td>0.020934</td>\n",
       "      <td>-0.039117</td>\n",
       "      <td>0.640409</td>\n",
       "    </tr>\n",
       "    <tr>\n",
       "      <th>PoolArea</th>\n",
       "      <td>0.077672</td>\n",
       "      <td>0.004950</td>\n",
       "      <td>0.065166</td>\n",
       "      <td>-0.001985</td>\n",
       "      <td>0.005829</td>\n",
       "      <td>0.131525</td>\n",
       "      <td>0.081487</td>\n",
       "      <td>0.126053</td>\n",
       "      <td>0.170205</td>\n",
       "      <td>0.049604</td>\n",
       "      <td>0.022381</td>\n",
       "      <td>0.083757</td>\n",
       "      <td>0.095074</td>\n",
       "      <td>0.020934</td>\n",
       "      <td>1.000000</td>\n",
       "      <td>-0.059689</td>\n",
       "      <td>0.092404</td>\n",
       "    </tr>\n",
       "    <tr>\n",
       "      <th>YrSold</th>\n",
       "      <td>-0.014261</td>\n",
       "      <td>-0.013618</td>\n",
       "      <td>-0.027347</td>\n",
       "      <td>0.043950</td>\n",
       "      <td>0.035743</td>\n",
       "      <td>-0.013604</td>\n",
       "      <td>-0.028700</td>\n",
       "      <td>-0.014969</td>\n",
       "      <td>-0.036526</td>\n",
       "      <td>-0.019669</td>\n",
       "      <td>-0.010269</td>\n",
       "      <td>-0.034516</td>\n",
       "      <td>-0.024096</td>\n",
       "      <td>-0.039117</td>\n",
       "      <td>-0.059689</td>\n",
       "      <td>1.000000</td>\n",
       "      <td>-0.028923</td>\n",
       "    </tr>\n",
       "    <tr>\n",
       "      <th>SalePrice</th>\n",
       "      <td>0.263843</td>\n",
       "      <td>0.522897</td>\n",
       "      <td>0.790982</td>\n",
       "      <td>-0.077856</td>\n",
       "      <td>0.507101</td>\n",
       "      <td>0.605852</td>\n",
       "      <td>0.319334</td>\n",
       "      <td>0.613581</td>\n",
       "      <td>0.708624</td>\n",
       "      <td>0.560664</td>\n",
       "      <td>0.284108</td>\n",
       "      <td>0.533723</td>\n",
       "      <td>0.466929</td>\n",
       "      <td>0.640409</td>\n",
       "      <td>0.092404</td>\n",
       "      <td>-0.028923</td>\n",
       "      <td>1.000000</td>\n",
       "    </tr>\n",
       "  </tbody>\n",
       "</table>\n",
       "</div>"
      ],
      "text/plain": [
       "               LotArea  YearBuilt  OverallQual  OverallCond  YearRemodAdd  \\\n",
       "LotArea       1.000000   0.014228     0.105806    -0.005636      0.013788   \n",
       "YearBuilt     0.014228   1.000000     0.572323    -0.375983      0.592855   \n",
       "OverallQual   0.105806   0.572323     1.000000    -0.091932      0.550684   \n",
       "OverallCond  -0.005636  -0.375983    -0.091932     1.000000      0.073741   \n",
       "YearRemodAdd  0.013788   0.592855     0.550684     0.073741      1.000000   \n",
       "1stFlrSF      0.299475   0.281986     0.476224    -0.144203      0.240379   \n",
       "2ndFlrSF      0.050986   0.010308     0.295493     0.028942      0.140024   \n",
       "TotalBsmtSF   0.260833   0.391452     0.537808    -0.171098      0.291066   \n",
       "GrLivArea     0.263116   0.199010     0.593007    -0.079686      0.287389   \n",
       "FullBath      0.126031   0.468271     0.550600    -0.194149      0.439046   \n",
       "HalfBath      0.014259   0.242656     0.273458    -0.060769      0.183331   \n",
       "TotRmsAbvGrd  0.190015   0.095589     0.427452    -0.057583      0.191740   \n",
       "Fireplaces    0.271364   0.147716     0.396765    -0.023820      0.112581   \n",
       "GarageCars    0.154871   0.537850     0.600671    -0.185758      0.420622   \n",
       "PoolArea      0.077672   0.004950     0.065166    -0.001985      0.005829   \n",
       "YrSold       -0.014261  -0.013618    -0.027347     0.043950      0.035743   \n",
       "SalePrice     0.263843   0.522897     0.790982    -0.077856      0.507101   \n",
       "\n",
       "              1stFlrSF  2ndFlrSF  TotalBsmtSF  GrLivArea  FullBath  HalfBath  \\\n",
       "LotArea       0.299475  0.050986     0.260833   0.263116  0.126031  0.014259   \n",
       "YearBuilt     0.281986  0.010308     0.391452   0.199010  0.468271  0.242656   \n",
       "OverallQual   0.476224  0.295493     0.537808   0.593007  0.550600  0.273458   \n",
       "OverallCond  -0.144203  0.028942    -0.171098  -0.079686 -0.194149 -0.060769   \n",
       "YearRemodAdd  0.240379  0.140024     0.291066   0.287389  0.439046  0.183331   \n",
       "1stFlrSF      1.000000 -0.202646     0.819530   0.566024  0.380637 -0.119916   \n",
       "2ndFlrSF     -0.202646  1.000000    -0.174512   0.687501  0.421378  0.609707   \n",
       "TotalBsmtSF   0.819530 -0.174512     1.000000   0.454868  0.323722 -0.048804   \n",
       "GrLivArea     0.566024  0.687501     0.454868   1.000000  0.630012  0.415772   \n",
       "FullBath      0.380637  0.421378     0.323722   0.630012  1.000000  0.136381   \n",
       "HalfBath     -0.119916  0.609707    -0.048804   0.415772  0.136381  1.000000   \n",
       "TotRmsAbvGrd  0.409516  0.616423     0.285573   0.825489  0.554784  0.343415   \n",
       "Fireplaces    0.410531  0.194561     0.339519   0.461679  0.243671  0.203649   \n",
       "GarageCars    0.439317  0.183926     0.434585   0.467247  0.469672  0.219178   \n",
       "PoolArea      0.131525  0.081487     0.126053   0.170205  0.049604  0.022381   \n",
       "YrSold       -0.013604 -0.028700    -0.014969  -0.036526 -0.019669 -0.010269   \n",
       "SalePrice     0.605852  0.319334     0.613581   0.708624  0.560664  0.284108   \n",
       "\n",
       "              TotRmsAbvGrd  Fireplaces  GarageCars  PoolArea    YrSold  \\\n",
       "LotArea           0.190015    0.271364    0.154871  0.077672 -0.014261   \n",
       "YearBuilt         0.095589    0.147716    0.537850  0.004950 -0.013618   \n",
       "OverallQual       0.427452    0.396765    0.600671  0.065166 -0.027347   \n",
       "OverallCond      -0.057583   -0.023820   -0.185758 -0.001985  0.043950   \n",
       "YearRemodAdd      0.191740    0.112581    0.420622  0.005829  0.035743   \n",
       "1stFlrSF          0.409516    0.410531    0.439317  0.131525 -0.013604   \n",
       "2ndFlrSF          0.616423    0.194561    0.183926  0.081487 -0.028700   \n",
       "TotalBsmtSF       0.285573    0.339519    0.434585  0.126053 -0.014969   \n",
       "GrLivArea         0.825489    0.461679    0.467247  0.170205 -0.036526   \n",
       "FullBath          0.554784    0.243671    0.469672  0.049604 -0.019669   \n",
       "HalfBath          0.343415    0.203649    0.219178  0.022381 -0.010269   \n",
       "TotRmsAbvGrd      1.000000    0.326114    0.362289  0.083757 -0.034516   \n",
       "Fireplaces        0.326114    1.000000    0.300789  0.095074 -0.024096   \n",
       "GarageCars        0.362289    0.300789    1.000000  0.020934 -0.039117   \n",
       "PoolArea          0.083757    0.095074    0.020934  1.000000 -0.059689   \n",
       "YrSold           -0.034516   -0.024096   -0.039117 -0.059689  1.000000   \n",
       "SalePrice         0.533723    0.466929    0.640409  0.092404 -0.028923   \n",
       "\n",
       "              SalePrice  \n",
       "LotArea        0.263843  \n",
       "YearBuilt      0.522897  \n",
       "OverallQual    0.790982  \n",
       "OverallCond   -0.077856  \n",
       "YearRemodAdd   0.507101  \n",
       "1stFlrSF       0.605852  \n",
       "2ndFlrSF       0.319334  \n",
       "TotalBsmtSF    0.613581  \n",
       "GrLivArea      0.708624  \n",
       "FullBath       0.560664  \n",
       "HalfBath       0.284108  \n",
       "TotRmsAbvGrd   0.533723  \n",
       "Fireplaces     0.466929  \n",
       "GarageCars     0.640409  \n",
       "PoolArea       0.092404  \n",
       "YrSold        -0.028923  \n",
       "SalePrice      1.000000  "
      ]
     },
     "execution_count": 41,
     "metadata": {},
     "output_type": "execute_result"
    }
   ],
   "source": [
    "correlation = df_train.corr()\n",
    "correlation"
   ]
  },
  {
   "cell_type": "markdown",
   "metadata": {},
   "source": [
    "The highest correlation to SalePrice is OverallQual (.79), followed by GrLivArea (0.708), followed by GarageCars, and 1stFlrSF"
   ]
  },
  {
